
23	-17	1	-2	0	0	-14	5	3	-1	-1	2	-2	-3	-11	27	19	2	-1	2	0	-1	1	0	0	1	4	5	0	-2	-4	0	0	-1	1	0	0	-1	0	0	1	-2	1	1	0	-1	0	1	0	0	0	0	0	0	0	0	0	0	0	0	0	0	0	0







11010 - (0,5)
01111 = -17

00 - (0,1)
1 = 1

01 - (0,2)
10 = 2



1111111110001001 - (2,5)
00101 - 






01
01

1111111100010010010100101011100000001100100101101101011101011011110101001101100000110110000011101111001001001011110010100001101100011101101101110100010011100011001




001010111001001011001100101101101011101011011110101001101100010110110010011101111001001001011110011010010011011100111011111011101100010011100111001
